# SignalP-5.0	Organism: Gram-negative	Timestamp: 20191213082136
# ID	Prediction	SP(Sec/SPI)	TAT(Tat/SPI)	LIPO(Sec/SPII)	OTHER	CS Position
BAM31270.1	OTHER	0.010879	0.000521	0.001665	0.986935	
BAM31271.1	OTHER	0.001955	0.000613	0.000194	0.997238	
BAM31276.1	OTHER	0.003462	0.000471	0.000553	0.995514	
BAM31280.1	OTHER	0.003756	0.000298	0.000321	0.995624	
BAM31283.1	OTHER	0.001943	0.000414	0.000327	0.997315	
BAM31284.1	SP(Sec/SPI)	0.519551	0.010173	0.031969	0.438307	CS pos: 32-33. SLA-KS. Pr: 0.3650
BAM31285.1	OTHER	0.009625	0.004132	0.001308	0.984935	
BAM31288.1	OTHER	0.012233	0.011027	0.001362	0.975378	
BAM31296.1	OTHER	0.004580	0.000918	0.001479	0.993024	
BAM31315.1	OTHER	0.000755	0.000112	0.000762	0.998371	
BAM31316.1	OTHER	0.000436	0.000524	0.000947	0.998092	
BAM31317.1	OTHER	0.000326	0.000168	0.000739	0.998766	
BAM31322.1	OTHER	0.012611	0.003216	0.000916	0.983257	
BAM31323.1	OTHER	0.002561	0.000369	0.000279	0.996791	
BAM31353.1	OTHER	0.037482	0.001541	0.007869	0.953107	
BAM31361.1	OTHER	0.022046	0.001454	0.001256	0.975244	
BAM31368.1	LIPO(Sec/SPII)	0.404648	0.000192	0.529921	0.065239	CS pos: 18-19. LFP-CN. Pr: 0.5200
BAM31371.1	OTHER	0.016132	0.006100	0.003615	0.974154	
BAM31387.1	OTHER	0.000868	0.000540	0.000880	0.997712	
BAM31388.1	OTHER	0.006328	0.001426	0.246051	0.746195	
BAM31391.1	OTHER	0.003535	0.000139	0.013240	0.983086	
BAM31398.1	OTHER	0.096171	0.002876	0.073129	0.827824	
BAM31399.1	OTHER	0.015199	0.000560	0.011430	0.972812	
BAM31409.1	OTHER	0.020738	0.002307	0.008125	0.968829	
BAM31413.1	OTHER	0.023153	0.004393	0.005227	0.967227	
BAM31439.1	LIPO(Sec/SPII)	0.000584	0.000038	0.999198	0.000180	CS pos: 20-21. LIG-CG. Pr: 0.9993
BAM31448.1	OTHER	0.441992	0.003597	0.026701	0.527710	
BAM31452.1	OTHER	0.013620	0.002973	0.000688	0.982719	
BAM31453.1	SP(Sec/SPI)	0.493328	0.001702	0.038591	0.466379	CS pos: 18-19. AFG-GW. Pr: 0.2229
BAM31461.1	SP(Sec/SPI)	0.996976	0.000332	0.001630	0.001061	CS pos: 24-25. ALA-NE. Pr: 0.9862
BAM31464.1	OTHER	0.036550	0.000539	0.002585	0.960326	
BAM31466.1	OTHER	0.002654	0.000652	0.000303	0.996391	
BAM31468.1	OTHER	0.003387	0.005805	0.000802	0.990006	
BAM31469.1	OTHER	0.007392	0.003195	0.002530	0.986882	
BAM31470.1	OTHER	0.006855	0.005038	0.001480	0.986627	
BAM31471.1	OTHER	0.002995	0.000867	0.000229	0.995909	
BAM31472.1	OTHER	0.022431	0.006014	0.019827	0.951728	
BAM31473.1	OTHER	0.003401	0.000673	0.000671	0.995255	
BAM31474.1	OTHER	0.046292	0.002671	0.007040	0.943996	
BAM31475.1	OTHER	0.022962	0.000396	0.005485	0.971157	
BAM31476.1	OTHER	0.011880	0.003776	0.004109	0.980235	
BAM31478.1	OTHER	0.002278	0.000621	0.000395	0.996706	
BAM31482.1	OTHER	0.110316	0.029211	0.030371	0.830102	
BAM31483.1	OTHER	0.002012	0.001655	0.000360	0.995974	
BAM31484.1	OTHER	0.003121	0.000894	0.000412	0.995574	
BAM31487.1	OTHER	0.004677	0.001111	0.001635	0.992578	
BAM31492.1	OTHER	0.004761	0.001115	0.001069	0.993055	
BAM31493.1	OTHER	0.013335	0.000705	0.001508	0.984452	
BAM31494.1	OTHER	0.007299	0.004377	0.004091	0.984233	
BAM31495.1	OTHER	0.008441	0.000363	0.001717	0.989478	
BAM31496.1	OTHER	0.000651	0.000270	0.000731	0.998348	
BAM31497.1	OTHER	0.046400	0.005619	0.008117	0.939864	
BAM31498.1	OTHER	0.001397	0.000637	0.000233	0.997733	
BAM31499.1	OTHER	0.035565	0.001912	0.009983	0.952540	
BAM31500.1	OTHER	0.003979	0.001443	0.001051	0.993527	
BAM31501.1	OTHER	0.003541	0.000583	0.000239	0.995637	
BAM31502.1	OTHER	0.004063	0.001082	0.000510	0.994345	
BAM31503.1	LIPO(Sec/SPII)	0.043029	0.000070	0.956359	0.000542	CS pos: 21-22. TQG-CY. Pr: 0.9764
BAM31513.1	OTHER	0.024049	0.001657	0.002989	0.971305	
BAM31517.1	OTHER	0.005216	0.000231	0.003491	0.991063	
BAM31524.1	OTHER	0.028775	0.000666	0.003399	0.967159	
BAM31525.1	OTHER	0.011738	0.000889	0.003560	0.983813	
BAM31539.1	OTHER	0.004185	0.000381	0.000706	0.994727	
BAM31540.1	OTHER	0.005213	0.000627	0.000850	0.993310	
BAM31543.1	OTHER	0.002336	0.000273	0.000148	0.997244	
BAM31544.1	OTHER	0.017593	0.000692	0.003116	0.978599	
BAM31545.1	OTHER	0.007983	0.000546	0.000745	0.990725	
BAM31551.1	OTHER	0.037141	0.000499	0.065018	0.897342	
BAM31553.1	OTHER	0.011037	0.013669	0.001555	0.973740	
BAM31560.1	OTHER	0.011316	0.000738	0.003083	0.984863	
BAM31568.1	OTHER	0.012069	0.000152	0.009794	0.977984	
BAM31569.1	OTHER	0.215594	0.003558	0.020726	0.760121	
BAM31571.1	OTHER	0.007899	0.000871	0.001207	0.990024	
BAM31572.1	OTHER	0.023012	0.000811	0.006434	0.969743	
BAM31573.1	OTHER	0.002233	0.000664	0.000350	0.996753	
BAM31585.1	OTHER	0.000177	0.000042	0.001703	0.998077	
BAM31597.1	LIPO(Sec/SPII)	0.001076	0.000094	0.998358	0.000472	CS pos: 28-29. LSA-CS. Pr: 0.9991
BAM31607.1	OTHER	0.000690	0.000211	0.004514	0.994586	
BAM31629.1	OTHER	0.000261	0.000251	0.000966	0.998522	
BAM31630.1	OTHER	0.004464	0.001169	0.000412	0.993955	
BAM31632.1	OTHER	0.002408	0.000287	0.001410	0.995895	
BAM31633.1	OTHER	0.008168	0.000599	0.000618	0.990614	
BAM31634.1	OTHER	0.000863	0.000229	0.000141	0.998766	
BAM31636.1	OTHER	0.024752	0.000610	0.293138	0.681500	
BAM31638.1	OTHER	0.018150	0.000161	0.012322	0.969367	
BAM31639.1	OTHER	0.024725	0.000677	0.012202	0.962397	
BAM31640.1	OTHER	0.001907	0.001052	0.000244	0.996797	
BAM31641.1	OTHER	0.055675	0.023199	0.025179	0.895947	
BAM31642.1	OTHER	0.012265	0.001579	0.003766	0.982390	
BAM31644.1	OTHER	0.002484	0.000408	0.000244	0.996865	
BAM31645.1	OTHER	0.007560	0.003064	0.001541	0.987835	
BAM31648.1	OTHER	0.002778	0.000183	0.003222	0.993817	
BAM31655.1	SP(Sec/SPI)	0.689479	0.002619	0.274776	0.033126	CS pos: 20-21. TSA-SD. Pr: 0.4967
BAM31666.1	OTHER	0.002976	0.000582	0.001027	0.995415	
BAM31683.1	OTHER	0.004429	0.004583	0.000904	0.990084	
BAM31707.1	LIPO(Sec/SPII)	0.008233	0.000243	0.984677	0.006847	CS pos: 23-24. SLA-CS. Pr: 0.9872
BAM31709.1	OTHER	0.100388	0.004254	0.009793	0.885565	
BAM31715.1	OTHER	0.005564	0.001620	0.008446	0.984371	
BAM31729.1	OTHER	0.002174	0.000432	0.000155	0.997240	
BAM31738.1	OTHER	0.011860	0.001078	0.168172	0.818890	
BAM31740.1	LIPO(Sec/SPII)	0.018391	0.000225	0.980915	0.000469	CS pos: 19-20. FAG-CS. Pr: 0.9817
BAM31741.1	OTHER	0.051155	0.000717	0.113553	0.834575	
BAM31743.1	OTHER	0.002530	0.000144	0.001485	0.995841	
BAM31745.1	SP(Sec/SPI)	0.641796	0.000570	0.251071	0.106563	CS pos: 20-21. AKT-LE. Pr: 0.3587
BAM31750.1	OTHER	0.006194	0.000242	0.002877	0.990687	
BAM31752.1	OTHER	0.088452	0.002737	0.008686	0.900126	
BAM31753.1	OTHER	0.011077	0.003656	0.001927	0.983340	
BAM31754.1	OTHER	0.161307	0.002432	0.006085	0.830176	
BAM31760.1	OTHER	0.002325	0.001347	0.000247	0.996080	
BAM31765.1	SP(Sec/SPI)	0.830246	0.039632	0.037924	0.092198	CS pos: 22-23. GYA-DT. Pr: 0.7699
BAM31766.1	OTHER	0.002813	0.001152	0.000389	0.995647	
BAM31771.1	OTHER	0.000777	0.000086	0.015963	0.983174	
BAM31774.1	OTHER	0.001300	0.000310	0.000137	0.998253	
BAM31789.1	SP(Sec/SPI)	0.998643	0.000380	0.000731	0.000246	CS pos: 20-21. AFA-AA. Pr: 0.8706
BAM31793.1	OTHER	0.020572	0.052091	0.016495	0.910841	
BAM31800.1	OTHER	0.096171	0.002876	0.073129	0.827824	
BAM31801.1	OTHER	0.002367	0.000736	0.000225	0.996671	
BAM31803.1	OTHER	0.114375	0.002608	0.006750	0.876267	
BAM31862.1	OTHER	0.005270	0.000597	0.000553	0.993581	
BAM31863.1	OTHER	0.002638	0.000828	0.000460	0.996075	
BAM31864.1	TAT(Tat/SPI)	0.001275	0.884044	0.113233	0.001448	CS pos: 37-38. CSG-EH. Pr: 0.3542
BAM31865.1	TAT(Tat/SPI)	0.000167	0.999585	0.000116	0.000131	CS pos: 31-32. AFG-NE. Pr: 0.3377
BAM31868.1	SP(Sec/SPI)	0.902287	0.000153	0.095128	0.002433	CS pos: 20-21. AYG-AG. Pr: 0.8093
BAM31869.1	OTHER	0.003682	0.000928	0.000560	0.994830	
BAM31873.1	OTHER	0.007762	0.000876	0.004127	0.987235	
BAM31874.1	OTHER	0.002370	0.000112	0.001774	0.995744	
BAM31877.1	OTHER	0.144929	0.000418	0.012285	0.842368	
BAM31878.1	LIPO(Sec/SPII)	0.016820	0.000363	0.555611	0.427206	CS pos: 28-29. ILA-CY. Pr: 0.5588
BAM31880.1	OTHER	0.007615	0.000772	0.001193	0.990420	
BAM31882.1	OTHER	0.008089	0.000377	0.001386	0.990147	
BAM31883.1	OTHER	0.022521	0.001257	0.001426	0.974797	
BAM31884.1	OTHER	0.042753	0.011873	0.019400	0.925975	
BAM31885.1	OTHER	0.003232	0.019252	0.000399	0.977118	
BAM31886.1	OTHER	0.004279	0.000313	0.000960	0.994448	
BAM31887.1	OTHER	0.003683	0.001227	0.000938	0.994153	
BAM31888.1	OTHER	0.033134	0.001734	0.007401	0.957731	
BAM31890.1	OTHER	0.016551	0.002071	0.008120	0.973258	
BAM31891.1	OTHER	0.001726	0.000452	0.000305	0.997516	
BAM31892.1	OTHER	0.011379	0.004777	0.001116	0.982728	
BAM31894.1	OTHER	0.006672	0.001877	0.001759	0.989692	
BAM31897.1	OTHER	0.066566	0.001569	0.030921	0.900944	
BAM31898.1	OTHER	0.001031	0.000351	0.025066	0.973553	
BAM31900.1	SP(Sec/SPI)	0.521323	0.004173	0.024519	0.449986	CS pos: 18-19. TLA-ER. Pr: 0.3536
BAM31918.1	OTHER	0.006121	0.002663	0.000956	0.990260	
BAM31919.1	OTHER	0.004428	0.003838	0.000639	0.991095	
BAM31938.1	SP(Sec/SPI)	0.654411	0.000369	0.252552	0.092668	CS pos: 19-20. VFG-AN. Pr: 0.6188
BAM31953.1	LIPO(Sec/SPII)	0.000440	0.000019	0.999437	0.000103	CS pos: 18-19. LFA-CS. Pr: 0.9995
BAM31977.1	OTHER	0.014752	0.000092	0.060763	0.924393	
BAM31980.1	OTHER	0.002303	0.004301	0.000346	0.993051	
BAM31981.1	OTHER	0.008738	0.003158	0.001581	0.986523	
BAM31982.1	OTHER	0.014369	0.000990	0.005534	0.979107	
BAM31984.1	OTHER	0.090011	0.000596	0.008972	0.900420	
BAM31985.1	OTHER	0.019093	0.002555	0.003949	0.974403	
BAM31986.1	OTHER	0.005498	0.001580	0.002326	0.990596	
BAM31987.1	OTHER	0.016304	0.000684	0.005860	0.977152	
BAM31992.1	OTHER	0.140999	0.000601	0.013156	0.845244	
BAM31998.1	OTHER	0.008832	0.001450	0.001391	0.988327	
BAM31999.1	OTHER	0.021017	0.000519	0.001133	0.977331	
BAM32000.1	OTHER	0.003167	0.000762	0.000230	0.995841	
BAM32003.1	OTHER	0.013807	0.001294	0.007783	0.977116	
BAM32004.1	OTHER	0.024681	0.001126	0.007588	0.966605	
BAM32005.1	OTHER	0.045775	0.001885	0.005103	0.947237	
BAM32006.1	OTHER	0.056578	0.000872	0.016584	0.925967	
BAM32008.1	OTHER	0.107312	0.018094	0.017958	0.856636	
BAM32009.1	OTHER	0.006897	0.000783	0.000771	0.991548	
BAM32012.1	OTHER	0.018575	0.017261	0.006608	0.957556	
BAM32013.1	OTHER	0.003584	0.001272	0.000476	0.994668	
BAM32017.1	OTHER	0.009248	0.000882	0.001504	0.988366	
BAM32024.1	OTHER	0.010140	0.001231	0.001722	0.986907	
BAM32026.1	OTHER	0.002697	0.001002	0.001250	0.995052	
BAM32027.1	OTHER	0.002883	0.002610	0.000450	0.994058	
BAM32047.1	OTHER	0.009711	0.003200	0.000703	0.986385	
BAM32049.1	OTHER	0.007080	0.000677	0.004085	0.988158	
BAM32050.1	OTHER	0.371208	0.005216	0.029701	0.593875	
BAM32053.1	OTHER	0.034952	0.002331	0.006496	0.956221	
BAM32054.1	OTHER	0.215788	0.025030	0.015470	0.743712	
BAM32055.1	OTHER	0.007903	0.002243	0.001781	0.988073	
BAM32056.1	OTHER	0.003534	0.002012	0.000592	0.993862	
BAM32057.1	OTHER	0.014936	0.000401	0.002160	0.982503	
BAM32060.1	OTHER	0.000209	0.000074	0.000557	0.999160	
BAM32061.1	OTHER	0.027069	0.031309	0.016461	0.925161	
BAM32064.1	OTHER	0.028898	0.004240	0.001417	0.965445	
BAM32065.1	OTHER	0.011535	0.003068	0.002599	0.982797	
BAM32067.1	OTHER	0.003158	0.000840	0.000298	0.995704	
BAM32070.1	OTHER	0.003195	0.000237	0.000387	0.996181	
BAM32076.1	OTHER	0.053776	0.099094	0.088570	0.758560	
BAM32077.1	OTHER	0.003671	0.000578	0.000367	0.995384	
BAM32080.1	OTHER	0.002571	0.001436	0.000745	0.995248	
BAM32081.1	OTHER	0.042764	0.010869	0.005302	0.941065	
BAM32100.1	LIPO(Sec/SPII)	0.164221	0.000655	0.765985	0.069139	CS pos: 23-24. LQG-RE. Pr: 0.5676
BAM32101.1	OTHER	0.370129	0.001018	0.031150	0.597703	
BAM32113.1	OTHER	0.017490	0.001897	0.005772	0.974840	
BAM32114.1	OTHER	0.178634	0.006980	0.083009	0.731378	
BAM32120.1	SP(Sec/SPI)	0.957679	0.000248	0.028663	0.013411	CS pos: 16-17. AFA-QS. Pr: 0.6656
BAM32121.1	LIPO(Sec/SPII)	0.000800	0.000114	0.998712	0.000374	CS pos: 21-22. FTG-CG. Pr: 0.9993
BAM32123.1	OTHER	0.003256	0.002144	0.000342	0.994257	
BAM32125.1	SP(Sec/SPI)	0.967030	0.001220	0.003390	0.028361	CS pos: 25-26. VLA-DN. Pr: 0.9650
BAM32129.1	OTHER	0.010425	0.015459	0.003617	0.970499	
BAM32132.1	OTHER	0.002610	0.000286	0.000488	0.996616	
BAM32137.1	OTHER	0.009763	0.003066	0.003113	0.984057	
BAM32145.1	OTHER	0.041719	0.001968	0.015275	0.941038	
BAM32148.1	OTHER	0.004645	0.003907	0.000595	0.990853	
BAM32151.1	OTHER	0.014287	0.024075	0.001889	0.959749	
BAM32152.1	OTHER	0.068544	0.000804	0.029821	0.900831	
BAM32153.1	OTHER	0.001980	0.000931	0.000420	0.996670	
BAM32156.1	OTHER	0.027653	0.421558	0.002459	0.548330	
BAM32157.1	OTHER	0.008411	0.002041	0.001077	0.988471	
BAM32168.1	OTHER	0.007018	0.001727	0.002611	0.988644	
BAM32169.1	OTHER	0.001867	0.000489	0.000409	0.997235	
BAM32170.1	OTHER	0.003447	0.002042	0.001114	0.993397	
BAM32171.1	OTHER	0.004767	0.000952	0.003130	0.991152	
BAM32172.1	OTHER	0.001946	0.000320	0.000147	0.997587	
BAM32181.1	SP(Sec/SPI)	0.906243	0.000226	0.090503	0.003028	CS pos: 19-20. AQG-AK. Pr: 0.5763
BAM32188.1	OTHER	0.000359	0.000040	0.006608	0.992993	
BAM32190.1	OTHER	0.002763	0.000691	0.000366	0.996181	
BAM32196.1	OTHER	0.012914	0.000297	0.001832	0.984957	
BAM32223.1	SP(Sec/SPI)	0.657772	0.000374	0.339898	0.001956	CS pos: 19-20. MLA-DC. Pr: 0.4225
BAM32224.1	SP(Sec/SPI)	0.992440	0.001227	0.005304	0.001030	CS pos: 23-24. TLA-AT. Pr: 0.9623
BAM32255.1	OTHER	0.040843	0.010603	0.026675	0.921879	
BAM32256.1	OTHER	0.204654	0.083904	0.146339	0.565103	
BAM32259.1	OTHER	0.008534	0.003523	0.002438	0.985504	
BAM32260.1	OTHER	0.004489	0.000936	0.002216	0.992359	
BAM32261.1	OTHER	0.003624	0.000921	0.000801	0.994655	
BAM32266.1	OTHER	0.021477	0.001033	0.007861	0.969629	
BAM32267.1	OTHER	0.048771	0.010822	0.002870	0.937538	
BAM32268.1	OTHER	0.005192	0.005233	0.001131	0.988443	
BAM32269.1	OTHER	0.037860	0.013376	0.042281	0.906484	
BAM32292.1	OTHER	0.010331	0.009155	0.003120	0.977395	
BAM32297.1	OTHER	0.013256	0.005743	0.055823	0.925178	
BAM32301.1	LIPO(Sec/SPII)	0.001784	0.000104	0.997764	0.000348	CS pos: 21-22. FLG-CG. Pr: 0.9985
BAM32302.1	OTHER	0.001490	0.000141	0.001041	0.997327	
BAM32303.1	OTHER	0.009375	0.000774	0.002888	0.986963	
BAM32318.1	OTHER	0.001694	0.003990	0.000461	0.993855	
BAM32319.1	OTHER	0.001468	0.000214	0.002664	0.995654	
BAM32325.1	OTHER	0.003362	0.000918	0.000600	0.995120	
BAM32326.1	OTHER	0.005216	0.000564	0.000544	0.993675	
BAM32327.1	OTHER	0.003232	0.000834	0.000554	0.995380	
BAM32370.1	SP(Sec/SPI)	0.998785	0.000129	0.000755	0.000331	CS pos: 20-21. AMA-FE. Pr: 0.9930
BAM32388.1	OTHER	0.010072	0.001250	0.005388	0.983289	
BAM32393.1	LIPO(Sec/SPII)	0.004903	0.000199	0.978617	0.016281	CS pos: 29-30. FVG-CG. Pr: 0.5274
BAM32396.1	OTHER	0.004354	0.000744	0.000832	0.994070	
BAM32401.1	OTHER	0.025177	0.001113	0.073226	0.900484	
BAM32402.1	OTHER	0.021890	0.000307	0.005244	0.972559	
BAM32408.1	OTHER	0.005462	0.005406	0.005280	0.983852	
BAM32411.1	OTHER	0.012354	0.019030	0.004180	0.964435	
BAM32412.1	OTHER	0.332138	0.023243	0.056532	0.588086	
BAM32414.1	OTHER	0.006769	0.000586	0.000707	0.991938	
BAM32417.1	OTHER	0.009902	0.001793	0.003132	0.985173	
BAM32418.1	OTHER	0.027298	0.006765	0.005304	0.960633	
BAM32427.1	OTHER	0.003253	0.005667	0.000654	0.990426	
BAM32428.1	OTHER	0.025825	0.008029	0.003888	0.962258	
BAM32442.1	OTHER	0.033302	0.021227	0.017747	0.927724	
BAM32445.1	SP(Sec/SPI)	0.982607	0.000650	0.014606	0.002137	CS pos: 20-21. VFA-AP. Pr: 0.8405
BAM32452.1	OTHER	0.001567	0.000252	0.000683	0.997498	
BAM32453.1	OTHER	0.006331	0.000258	0.001115	0.992296	
BAM32454.1	OTHER	0.003627	0.001757	0.001348	0.993269	
BAM32456.1	OTHER	0.014343	0.000400	0.000828	0.984429	
BAM32457.1	OTHER	0.024158	0.002498	0.004174	0.969170	
BAM32458.1	OTHER	0.004795	0.003492	0.000384	0.991330	
BAM32459.1	OTHER	0.003465	0.000293	0.000500	0.995742	
BAM32460.1	OTHER	0.015208	0.000495	0.005650	0.978647	
BAM32461.1	OTHER	0.003593	0.003694	0.000574	0.992139	
BAM32462.1	OTHER	0.062283	0.011748	0.035591	0.890378	
BAM32463.1	OTHER	0.011141	0.004059	0.002792	0.982009	
BAM32469.1	OTHER	0.293004	0.014086	0.006721	0.686189	
BAM32471.1	OTHER	0.007534	0.000329	0.000269	0.991868	
BAM32474.1	OTHER	0.043502	0.001684	0.138229	0.816584	
BAM32484.1	OTHER	0.009396	0.000570	0.018432	0.971602	
BAM32491.1	OTHER	0.089563	0.008389	0.008368	0.893680	
BAM32497.1	OTHER	0.008034	0.005317	0.003180	0.983468	
BAM32504.1	OTHER	0.019282	0.002302	0.001835	0.976581	
BAM32505.1	TAT(Tat/SPI)	0.000064	0.999811	0.000048	0.000077	CS pos: 42-43. AEA-QN. Pr: 0.8074
BAM32506.1	TAT(Tat/SPI)	0.071824	0.762929	0.000662	0.164585	CS pos: 41-42. AKA-GN. Pr: 0.7267
BAM32508.1	LIPO(Sec/SPII)	0.001059	0.000027	0.998792	0.000122	CS pos: 19-20. FFA-CS. Pr: 0.9989
BAM32509.1	SP(Sec/SPI)	0.872170	0.018352	0.027328	0.082150	CS pos: 31-32. LQA-EP. Pr: 0.6181
BAM32510.1	OTHER	0.032751	0.003349	0.008663	0.955238	
BAM32511.1	LIPO(Sec/SPII)	0.157150	0.000120	0.841248	0.001482	CS pos: 18-19. SLT-CL. Pr: 0.8232
BAM32512.1	SP(Sec/SPI)	0.735116	0.000669	0.085119	0.179095	CS pos: 17-18. MWA-KP. Pr: 0.5162
BAM32519.1	OTHER	0.110063	0.000650	0.022743	0.866544	
BAM32526.1	LIPO(Sec/SPII)	0.003855	0.000126	0.995855	0.000164	CS pos: 22-23. LSA-CS. Pr: 0.9971
BAM32535.1	OTHER	0.001203	0.000144	0.003191	0.995462	
BAM32537.1	OTHER	0.027753	0.001289	0.004347	0.966611	
BAM32574.1	SP(Sec/SPI)	0.670523	0.004853	0.040958	0.283666	CS pos: 14-15. ALA-YL. Pr: 0.1869
BAM32589.1	SP(Sec/SPI)	0.805343	0.000202	0.176710	0.017746	CS pos: 18-19. GIA-KD. Pr: 0.8548
BAM32592.1	OTHER	0.003312	0.000261	0.000535	0.995892	
BAM32593.1	OTHER	0.002673	0.000306	0.000394	0.996627	
BAM32594.1	OTHER	0.018622	0.001051	0.001004	0.979323	
BAM32595.1	OTHER	0.006499	0.001412	0.001328	0.990761	
BAM32596.1	OTHER	0.010250	0.000427	0.003907	0.985416	
BAM32598.1	OTHER	0.003364	0.001204	0.001418	0.994014	
BAM32599.1	OTHER	0.024228	0.000744	0.029251	0.945776	
BAM32600.1	OTHER	0.001376	0.000978	0.000508	0.997139	
BAM32601.1	OTHER	0.014030	0.003007	0.003156	0.979807	
BAM32602.1	OTHER	0.008683	0.002575	0.000758	0.987984	
BAM32603.1	OTHER	0.007476	0.001673	0.002049	0.988801	
BAM32604.1	OTHER	0.001962	0.000743	0.000262	0.997034	
BAM32605.1	OTHER	0.004996	0.001173	0.001135	0.992695	
BAM32606.1	OTHER	0.227280	0.005007	0.350274	0.417438	
BAM32607.1	OTHER	0.017735	0.012911	0.006393	0.962961	
BAM32608.1	OTHER	0.081930	0.000993	0.052932	0.864146	
BAM32609.1	OTHER	0.038197	0.010538	0.034532	0.916733	
BAM32610.1	SP(Sec/SPI)	0.992696	0.000319	0.002397	0.004589	CS pos: 17-18. VFA-DE. Pr: 0.9937
BAM32617.1	OTHER	0.002897	0.000747	0.000999	0.995357	
BAM32621.1	OTHER	0.032571	0.050106	0.021233	0.896090	
BAM32622.1	SP(Sec/SPI)	0.997713	0.000151	0.001442	0.000694	CS pos: 19-20. IFA-DD. Pr: 0.9971
BAM32623.1	SP(Sec/SPI)	0.865548	0.000186	0.133141	0.001125	CS pos: 19-20. AFG-AS. Pr: 0.5485
BAM32624.1	OTHER	0.031654	0.000652	0.003296	0.964397	
BAM32625.1	OTHER	0.007148	0.000717	0.001102	0.991034	
BAM32628.1	OTHER	0.002430	0.001995	0.000240	0.995334	
BAM32629.1	SP(Sec/SPI)	0.568529	0.002956	0.412155	0.016360	CS pos: 20-21. LIA-AN. Pr: 0.3895
BAM32630.1	OTHER	0.011140	0.000610	0.001729	0.986520	
BAM32631.1	OTHER	0.008872	0.002824	0.001267	0.987037	
BAM32632.1	OTHER	0.040157	0.013690	0.005870	0.940283	
BAM32633.1	OTHER	0.021428	0.012738	0.007343	0.958492	
BAM32635.1	OTHER	0.003639	0.001251	0.000848	0.994263	
BAM32636.1	SP(Sec/SPI)	0.892406	0.000687	0.054436	0.052471	CS pos: 21-22. LHL-GE. Pr: 0.3512
BAM32637.1	OTHER	0.001619	0.000398	0.000396	0.997587	
BAM32638.1	OTHER	0.002291	0.004585	0.000358	0.992766	
BAM32640.1	OTHER	0.005884	0.002756	0.000508	0.990852	
BAM32641.1	OTHER	0.002183	0.001011	0.000759	0.996047	
BAM32642.1	OTHER	0.005831	0.001710	0.001292	0.991167	
BAM32643.1	OTHER	0.030511	0.004133	0.008801	0.956555	
BAM32644.1	OTHER	0.003284	0.004009	0.000870	0.991838	
BAM32645.1	OTHER	0.002521	0.001144	0.000292	0.996043	
BAM32646.1	OTHER	0.015391	0.008240	0.009805	0.966564	
BAM32647.1	SP(Sec/SPI)	0.980761	0.000629	0.006490	0.012120	CS pos: 22-23. ANA-FS. Pr: 0.9422
BAM32648.1	OTHER	0.003792	0.002894	0.000792	0.992522	
BAM32649.1	OTHER	0.000987	0.000473	0.000215	0.998326	
BAM32650.1	OTHER	0.054193	0.069560	0.026313	0.849933	
BAM32651.1	OTHER	0.019130	0.062680	0.002644	0.915545	
BAM32652.1	OTHER	0.002620	0.001351	0.000389	0.995640	
BAM32653.1	OTHER	0.027026	0.001732	0.007625	0.963618	
BAM32654.1	OTHER	0.004185	0.002699	0.000986	0.992131	
BAM32656.1	OTHER	0.002158	0.000117	0.004906	0.992819	
BAM32657.1	SP(Sec/SPI)	0.984637	0.000336	0.006055	0.008972	CS pos: 22-23. ANA-VF. Pr: 0.8686
BAM32658.1	OTHER	0.003689	0.000278	0.000591	0.995442	
BAM32662.1	OTHER	0.020965	0.005514	0.005712	0.967809	
BAM32667.1	SP(Sec/SPI)	0.994985	0.000353	0.004112	0.000550	CS pos: 20-21. AYA-ES. Pr: 0.9174
BAM32668.1	SP(Sec/SPI)	0.990597	0.000155	0.008792	0.000457	CS pos: 20-21. VNA-QS. Pr: 0.9712
BAM32669.1	OTHER	0.003076	0.000549	0.000324	0.996051	
BAM32671.1	SP(Sec/SPI)	0.995401	0.000338	0.003726	0.000535	CS pos: 20-21. AYA-ES. Pr: 0.9159
BAM32672.1	OTHER	0.009091	0.007128	0.000368	0.983412	
BAM32674.1	OTHER	0.010388	0.001351	0.001797	0.986463	
BAM32675.1	SP(Sec/SPI)	0.922311	0.001043	0.018562	0.058083	CS pos: 21-22. LWA-NS. Pr: 0.7293
BAM32676.1	OTHER	0.015004	0.000946	0.001811	0.982239	
BAM32677.1	OTHER	0.000697	0.000082	0.031231	0.967989	
BAM32678.1	OTHER	0.004910	0.000300	0.000329	0.994462	
BAM32679.1	OTHER	0.000464	0.000197	0.002901	0.996438	
BAM32680.1	OTHER	0.021306	0.002074	0.021277	0.955344	
BAM32681.1	OTHER	0.001189	0.000096	0.004462	0.994253	
BAM32682.1	OTHER	0.004696	0.000682	0.001063	0.993559	
BAM32683.1	OTHER	0.000303	0.000086	0.001158	0.998453	
BAM32684.1	OTHER	0.025679	0.005185	0.044761	0.924376	
BAM32686.1	OTHER	0.014291	0.001279	0.003829	0.980601	
BAM32688.1	OTHER	0.000241	0.000072	0.000722	0.998966	
BAM32690.1	OTHER	0.002183	0.000258	0.000165	0.997394	
BAM32691.1	OTHER	0.008170	0.000668	0.001907	0.989255	
BAM32694.1	OTHER	0.011997	0.002610	0.002701	0.982692	
BAM32695.1	OTHER	0.004525	0.001276	0.001108	0.993091	
BAM32696.1	OTHER	0.007208	0.002301	0.005054	0.985438	
BAM32699.1	OTHER	0.001496	0.000687	0.000146	0.997672	
BAM32700.1	OTHER	0.024046	0.000692	0.007471	0.967790	
BAM32701.1	OTHER	0.032114	0.006843	0.020299	0.940745	
BAM32702.1	OTHER	0.020501	0.002004	0.004636	0.972860	
BAM32705.1	OTHER	0.014291	0.001279	0.003829	0.980601	
BAM32707.1	OTHER	0.034962	0.010380	0.007992	0.946667	
BAM32708.1	OTHER	0.000215	0.000174	0.000308	0.999304	
BAM32710.1	OTHER	0.004723	0.002624	0.001217	0.991436	
BAM32711.1	OTHER	0.039829	0.024655	0.015122	0.920395	
BAM32712.1	OTHER	0.001981	0.002925	0.000149	0.994945	
BAM32713.1	OTHER	0.010221	0.001203	0.003271	0.985305	
BAM32716.1	SP(Sec/SPI)	0.994985	0.000353	0.004112	0.000550	CS pos: 20-21. AYA-ES. Pr: 0.9174
BAM32717.1	SP(Sec/SPI)	0.990751	0.000156	0.008620	0.000473	CS pos: 20-21. VNA-QS. Pr: 0.9716
BAM32718.1	OTHER	0.015325	0.001055	0.005433	0.978188	
BAM32719.1	OTHER	0.001129	0.000643	0.000333	0.997896	
BAM32722.1	OTHER	0.001351	0.000040	0.007673	0.990936	
BAM32724.1	OTHER	0.002369	0.000409	0.000351	0.996871	
BAM32725.1	OTHER	0.003413	0.000423	0.000383	0.995781	
BAM32726.1	OTHER	0.003650	0.000196	0.000524	0.995629	
BAM32728.1	OTHER	0.008029	0.000700	0.001660	0.989611	
BAM32729.1	OTHER	0.056663	0.000751	0.020292	0.922293	
BAM32730.1	SP(Sec/SPI)	0.737762	0.000708	0.196989	0.064542	CS pos: 16-17. LFA-NE. Pr: 0.7241
BAM32736.1	LIPO(Sec/SPII)	0.413440	0.000331	0.570551	0.015679	CS pos: 14-15. ISI-CM. Pr: 0.5122
BAM32741.1	OTHER	0.004204	0.001374	0.001006	0.993415	
BAM32742.1	OTHER	0.001640	0.000032	0.000764	0.997564	
BAM32743.1	OTHER	0.006371	0.000600	0.001178	0.991851	
BAM32744.1	OTHER	0.002397	0.000110	0.003341	0.994152	
BAM32745.1	OTHER	0.008291	0.002285	0.004476	0.984948	
BAM32747.1	OTHER	0.002369	0.000409	0.000351	0.996871	
BAM32748.1	OTHER	0.001120	0.000180	0.000208	0.998492	
BAM32749.1	OTHER	0.003468	0.002505	0.000812	0.993215	
BAM32750.1	OTHER	0.005935	0.002170	0.001587	0.990308	
BAM32751.1	OTHER	0.005268	0.001702	0.001658	0.991373	
BAM32754.1	OTHER	0.002774	0.000481	0.000444	0.996301	
BAM32755.1	OTHER	0.005585	0.002338	0.000359	0.991718	
BAM32756.1	OTHER	0.003457	0.000467	0.001035	0.995042	
BAM32757.1	OTHER	0.003950	0.000536	0.000721	0.994794	
BAM32760.1	OTHER	0.004857	0.000926	0.000565	0.993652	
BAM32761.1	SP(Sec/SPI)	0.917941	0.000210	0.080537	0.001312	CS pos: 17-18. AFG-AE. Pr: 0.7480
BAM32763.1	SP(Sec/SPI)	0.930893	0.000264	0.058543	0.010300	CS pos: 15-16. GHA-QD. Pr: 0.7158
BAM32770.1	SP(Sec/SPI)	0.845204	0.000971	0.023453	0.130371	CS pos: 27-28. IFA-NP. Pr: 0.7527
BAM32771.1	OTHER	0.005479	0.000054	0.012382	0.982084	
BAM32772.1	OTHER	0.008997	0.000454	0.001938	0.988611	
BAM32776.1	OTHER	0.218741	0.000575	0.022214	0.758470	
BAM32794.1	OTHER	0.003327	0.000814	0.000671	0.995188	
BAM32798.1	SP(Sec/SPI)	0.932250	0.000476	0.051805	0.015470	CS pos: 16-17. SQA-FD. Pr: 0.9048
BAM32808.1	OTHER	0.001493	0.000447	0.000307	0.997754	
BAM32809.1	OTHER	0.010778	0.004525	0.002122	0.982576	
BAM32810.1	OTHER	0.001335	0.000255	0.001072	0.997339	
BAM32812.1	SP(Sec/SPI)	0.922785	0.000360	0.051733	0.025122	CS pos: 16-17. LFA-ND. Pr: 0.9361
BAM32813.1	SP(Sec/SPI)	0.972963	0.000257	0.022709	0.004072	CS pos: 17-18. TFA-QN. Pr: 0.9619
BAM32820.1	LIPO(Sec/SPII)	0.001362	0.000058	0.997611	0.000968	CS pos: 19-20. ITS-CG. Pr: 0.9983
BAM32822.1	LIPO(Sec/SPII)	0.016706	0.000110	0.981690	0.001494	CS pos: 19-20. CAS-CG. Pr: 0.9170
BAM32829.1	OTHER	0.002229	0.000976	0.000675	0.996120	
BAM32833.1	OTHER	0.009884	0.082050	0.004451	0.903615	
BAM32834.1	OTHER	0.003310	0.000281	0.000508	0.995901	
BAM32835.1	OTHER	0.003775	0.000175	0.000366	0.995684	
BAM32837.1	OTHER	0.002146	0.001169	0.000312	0.996373	
BAM32838.1	OTHER	0.003885	0.000526	0.001136	0.994454	
BAM32839.1	OTHER	0.001564	0.001228	0.000315	0.996894	
BAM32840.1	OTHER	0.008721	0.009271	0.000809	0.981199	
BAM32841.1	OTHER	0.002036	0.000485	0.000349	0.997130	
BAM32843.1	OTHER	0.012320	0.001858	0.003787	0.982035	
BAM32844.1	OTHER	0.001928	0.000276	0.000369	0.997426	
BAM32845.1	OTHER	0.005692	0.006174	0.000790	0.987344	
BAM32846.1	OTHER	0.002097	0.001133	0.000941	0.995830	
BAM32849.1	OTHER	0.003449	0.000207	0.002648	0.993697	
BAM32850.1	OTHER	0.010195	0.000168	0.002154	0.987483	
BAM32851.1	OTHER	0.004293	0.000255	0.000945	0.994507	
BAM32852.1	OTHER	0.005264	0.000593	0.000547	0.993596	
BAM32853.1	OTHER	0.004376	0.000785	0.000858	0.993981	
BAM32854.1	OTHER	0.005531	0.000474	0.001180	0.992814	
BAM32855.1	OTHER	0.020840	0.003585	0.013372	0.962203	
BAM32856.1	OTHER	0.001397	0.000549	0.000283	0.997771	
BAM32857.1	OTHER	0.001112	0.000553	0.000261	0.998075	
BAM32858.1	OTHER	0.001941	0.001437	0.000425	0.996198	
BAM32859.1	OTHER	0.021122	0.009976	0.013327	0.955576	
BAM32860.1	OTHER	0.004129	0.001500	0.000672	0.993699	
BAM32861.1	OTHER	0.010887	0.004272	0.004424	0.980416	
BAM32862.1	OTHER	0.003646	0.002410	0.000679	0.993265	
BAM32863.1	OTHER	0.005885	0.003526	0.000870	0.989719	
BAM32864.1	OTHER	0.002296	0.000452	0.000604	0.996648	
BAM32865.1	OTHER	0.006614	0.002727	0.001250	0.989409	
BAM32866.1	OTHER	0.017738	0.002609	0.002592	0.977061	
BAM32867.1	OTHER	0.016519	0.000710	0.001734	0.981038	
BAM32868.1	SP(Sec/SPI)	0.968178	0.000960	0.028657	0.002205	CS pos: 20-21. AVA-FS. Pr: 0.7758
BAM32869.1	OTHER	0.041601	0.001035	0.005849	0.951515	
BAM32870.1	OTHER	0.009667	0.005014	0.000962	0.984356	
BAM32871.1	OTHER	0.004462	0.000500	0.000772	0.994266	
BAM32872.1	OTHER	0.050122	0.002502	0.005427	0.941950	
BAM32873.1	OTHER	0.001371	0.000496	0.000312	0.997822	
BAM32874.1	OTHER	0.018924	0.001272	0.002384	0.977420	
BAM32875.1	OTHER	0.005084	0.000595	0.003029	0.991293	
BAM32876.1	OTHER	0.009756	0.003788	0.002256	0.984200	
BAM32877.1	OTHER	0.009539	0.011851	0.002193	0.976417	
BAM32878.1	OTHER	0.005847	0.003225	0.002390	0.988538	
BAM32880.1	OTHER	0.011332	0.005397	0.001107	0.982164	
BAM32881.1	OTHER	0.007144	0.000929	0.000417	0.991511	
BAM32882.1	OTHER	0.007496	0.006762	0.001110	0.984632	
BAM32883.1	OTHER	0.036960	0.000730	0.002682	0.959628	
BAM32884.1	OTHER	0.002167	0.000561	0.002284	0.994988	
BAM32885.1	OTHER	0.002513	0.002280	0.000442	0.994764	
BAM32886.1	OTHER	0.006612	0.000295	0.002181	0.990912	
BAM32887.1	OTHER	0.002750	0.001397	0.000351	0.995502	
BAM32888.1	OTHER	0.001849	0.000523	0.000408	0.997220	
BAM32889.1	OTHER	0.003461	0.001125	0.000505	0.994910	
BAM32890.1	OTHER	0.002336	0.000545	0.000347	0.996773	
BAM32891.1	OTHER	0.002997	0.004126	0.000314	0.992563	
BAM32892.1	OTHER	0.001841	0.000473	0.000426	0.997260	
BAM32893.1	OTHER	0.004290	0.006725	0.000529	0.988457	
BAM32894.1	OTHER	0.004594	0.000276	0.000456	0.994673	
BAM32895.1	OTHER	0.008843	0.009461	0.001817	0.979879	
BAM32896.1	OTHER	0.001671	0.001401	0.000258	0.996669	
BAM32897.1	OTHER	0.000282	0.000080	0.000638	0.999000	
BAM32898.1	OTHER	0.002775	0.001934	0.000409	0.994882	
BAM32899.1	OTHER	0.001461	0.000310	0.003693	0.994535	
BAM32900.1	OTHER	0.056731	0.001259	0.005385	0.936625	
BAM32901.1	OTHER	0.004674	0.000429	0.000351	0.994546	
BAM32902.1	OTHER	0.004637	0.004289	0.001522	0.989552	
BAM32903.1	OTHER	0.003131	0.001439	0.000449	0.994980	
BAM32904.1	OTHER	0.020651	0.013370	0.006812	0.959167	
BAM32905.1	OTHER	0.003951	0.001188	0.000929	0.993932	
BAM32906.1	OTHER	0.006831	0.005715	0.001275	0.986179	
BAM32907.1	OTHER	0.049035	0.073246	0.021587	0.856132	
BAM32908.1	OTHER	0.053793	0.042607	0.014626	0.888974	
BAM32909.1	OTHER	0.000683	0.000178	0.000501	0.998638	
BAM32910.1	OTHER	0.003060	0.000193	0.001401	0.995346	
BAM32911.1	OTHER	0.001549	0.000255	0.000223	0.997972	
BAM32912.1	SP(Sec/SPI)	0.968141	0.000693	0.005919	0.025248	CS pos: 21-22. ASA-QS. Pr: 0.8071
BAM32913.1	OTHER	0.022555	0.042637	0.001600	0.933208	
BAM32914.1	OTHER	0.170603	0.002996	0.027881	0.798521	
BAM32915.1	OTHER	0.002680	0.000223	0.000379	0.996718	
BAM32916.1	OTHER	0.000805	0.000218	0.000140	0.998838	
BAM32917.1	OTHER	0.001746	0.001005	0.000329	0.996920	
BAM32918.1	OTHER	0.005356	0.000931	0.001318	0.992396	
BAM32919.1	OTHER	0.005100	0.004489	0.001198	0.989214	
BAM32920.1	OTHER	0.227280	0.005007	0.350274	0.417438	
BAM32921.1	OTHER	0.017735	0.012911	0.006393	0.962961	
BAM32922.1	OTHER	0.081930	0.000993	0.052932	0.864146	
BAM32923.1	OTHER	0.320063	0.212478	0.027407	0.440052	
BAM32924.1	OTHER	0.002081	0.002645	0.000548	0.994725	
BAM32925.1	OTHER	0.002643	0.000391	0.001919	0.995048	
BAM32930.1	OTHER	0.001715	0.002281	0.000396	0.995609	
BAM32940.1	OTHER	0.002341	0.001068	0.000333	0.996258	
BAM32941.1	OTHER	0.007088	0.003214	0.001161	0.988537	
BAM32956.1	LIPO(Sec/SPII)	0.003192	0.000045	0.996545	0.000219	CS pos: 16-17. FSA-CF. Pr: 0.9976
BAM32957.1	LIPO(Sec/SPII)	0.000507	0.000039	0.999339	0.000116	CS pos: 16-17. FAA-CS. Pr: 0.9997
BAM32971.1	OTHER	0.001666	0.000712	0.000632	0.996991	
BAM32972.1	OTHER	0.005581	0.002689	0.002736	0.988995	
BAM32977.1	OTHER	0.105657	0.005109	0.006101	0.883133	
BAM32981.1	OTHER	0.060442	0.019662	0.014774	0.905122	
BAM32986.1	OTHER	0.008138	0.005967	0.003939	0.981956	
BAM32990.1	LIPO(Sec/SPII)	0.013186	0.000141	0.985935	0.000738	CS pos: 24-25. LNG-CN. Pr: 0.9870
BAM32991.1	OTHER	0.003713	0.000968	0.000822	0.994497	
BAM32992.1	OTHER	0.003750	0.001875	0.001198	0.993176	
BAM32994.1	OTHER	0.006008	0.002886	0.002192	0.988914	
BAM32995.1	OTHER	0.002122	0.000808	0.000270	0.996801	
BAM32996.1	OTHER	0.005121	0.001212	0.000873	0.992793	
BAM32997.1	OTHER	0.033196	0.009998	0.009688	0.947118	
BAM32998.1	OTHER	0.026127	0.002012	0.004908	0.966953	
BAM32999.1	OTHER	0.020175	0.001061	0.002300	0.976465	
BAM33008.1	OTHER	0.007135	0.002868	0.001830	0.988167	
BAM33026.1	OTHER	0.002161	0.000513	0.000485	0.996841	
BAM33031.1	OTHER	0.028911	0.006594	0.007771	0.956724	
BAM33039.1	SP(Sec/SPI)	0.963672	0.000219	0.030393	0.005715	CS pos: 16-17. AYA-KD. Pr: 0.9561
BAM33049.1	OTHER	0.000974	0.000126	0.000192	0.998708	
BAM33050.1	OTHER	0.001070	0.000315	0.000208	0.998407	
BAM33058.1	LIPO(Sec/SPII)	0.001011	0.000083	0.998474	0.000432	CS pos: 16-17. LTS-CS. Pr: 0.9993
BAM33063.1	OTHER	0.003146	0.004802	0.000396	0.991656	
BAM33064.1	OTHER	0.000961	0.000441	0.001621	0.996976	
BAM33066.1	OTHER	0.017048	0.001989	0.005720	0.975244	
BAM33067.1	OTHER	0.010626	0.002427	0.002147	0.984800	
BAM33068.1	OTHER	0.022954	0.001206	0.017930	0.957910	
BAM33069.1	OTHER	0.001558	0.000906	0.000189	0.997347	
BAM33071.1	OTHER	0.008171	0.018852	0.001259	0.971718	
BAM33072.1	OTHER	0.014059	0.001747	0.002734	0.981459	
BAM33073.1	OTHER	0.002417	0.001985	0.000351	0.995246	
BAM33074.1	OTHER	0.032205	0.017657	0.005316	0.944822	
BAM33076.1	OTHER	0.003074	0.000805	0.000559	0.995563	
BAM33078.1	OTHER	0.015556	0.009641	0.002400	0.972404	
BAM33079.1	OTHER	0.041454	0.071988	0.004703	0.881855	
BAM33080.1	OTHER	0.002011	0.001184	0.000449	0.996356	
BAM33081.1	OTHER	0.002413	0.000239	0.001315	0.996033	
BAM33082.1	OTHER	0.014106	0.005210	0.005315	0.975369	
BAM33083.1	OTHER	0.002128	0.000613	0.000305	0.996954	
BAM33086.1	OTHER	0.003073	0.000743	0.000831	0.995353	
BAM33087.1	OTHER	0.001764	0.000541	0.000236	0.997459	
BAM33088.1	OTHER	0.002548	0.002077	0.000388	0.994987	
BAM33090.1	OTHER	0.059731	0.008556	0.008669	0.923044	
BAM33092.1	SP(Sec/SPI)	0.950685	0.010492	0.024149	0.014674	CS pos: 20-21. VAA-EN. Pr: 0.7586
BAM33093.1	OTHER	0.064846	0.000722	0.005147	0.929284	
BAM33094.1	OTHER	0.001398	0.000181	0.000224	0.998197	
BAM33095.1	OTHER	0.008361	0.004069	0.001971	0.985599	
BAM33096.1	OTHER	0.011502	0.001705	0.001747	0.985046	
BAM33099.1	OTHER	0.015908	0.002540	0.002875	0.978676	
BAM33100.1	OTHER	0.003013	0.002521	0.000582	0.993884	
BAM33102.1	OTHER	0.002083	0.004547	0.000579	0.992791	
BAM33103.1	OTHER	0.036220	0.000445	0.005394	0.957941	
BAM33104.1	OTHER	0.002938	0.000269	0.001078	0.995715	
BAM33105.1	OTHER	0.004283	0.003322	0.000753	0.991642	
BAM33109.1	OTHER	0.009852	0.016721	0.001779	0.971648	
BAM33113.1	OTHER	0.123760	0.004961	0.008263	0.863016	
BAM33114.1	OTHER	0.004888	0.005017	0.000597	0.989498	
BAM33115.1	OTHER	0.002405	0.000160	0.000445	0.996991	
BAM33119.1	OTHER	0.014819	0.001890	0.001806	0.981485	
BAM33136.1	OTHER	0.148264	0.001659	0.118359	0.731718	
BAM33139.1	OTHER	0.011427	0.001992	0.003599	0.982982	
BAM33142.1	OTHER	0.012349	0.002718	0.001534	0.983399	
BAM33143.1	OTHER	0.011977	0.094988	0.001808	0.891227	
BAM33144.1	OTHER	0.009310	0.000345	0.001957	0.988388	
BAM33147.1	OTHER	0.006663	0.003767	0.001378	0.988192	
BAM33148.1	OTHER	0.002470	0.012333	0.000520	0.984677	
BAM33151.1	OTHER	0.001751	0.000765	0.000158	0.997326	
BAM33154.1	OTHER	0.002824	0.000353	0.002796	0.994027	
BAM33155.1	OTHER	0.003238	0.001672	0.000928	0.994161	
BAM33156.1	OTHER	0.002478	0.001419	0.000572	0.995532	
BAM33159.1	OTHER	0.021038	0.000257	0.004660	0.974045	
BAM33165.1	SP(Sec/SPI)	0.958025	0.000955	0.004378	0.036643	CS pos: 22-23. AIA-DD. Pr: 0.8416
BAM33166.1	OTHER	0.018808	0.001059	0.002681	0.977452	
BAM33169.1	OTHER	0.046952	0.000295	0.005786	0.946967	
BAM33174.1	OTHER	0.003034	0.000405	0.001003	0.995558	
BAM33185.1	LIPO(Sec/SPII)	0.001823	0.000115	0.997718	0.000344	CS pos: 23-24. LAG-CF. Pr: 0.9971
BAM33194.1	OTHER	0.033052	0.000522	0.003323	0.963102	
BAM33199.1	OTHER	0.020193	0.036285	0.002696	0.940826	
BAM33212.1	OTHER	0.035880	0.001479	0.003896	0.958746	
BAM33213.1	OTHER	0.008895	0.001511	0.000415	0.989179	
BAM33214.1	OTHER	0.071867	0.001230	0.029606	0.897297	
BAM33215.1	OTHER	0.020472	0.000549	0.006244	0.972736	
BAM33216.1	OTHER	0.004680	0.000226	0.000609	0.994485	
BAM33217.1	OTHER	0.002636	0.000976	0.000286	0.996103	
BAM33218.1	OTHER	0.011031	0.008936	0.003700	0.976333	
BAM33219.1	OTHER	0.021094	0.001980	0.030165	0.946761	
BAM33220.1	OTHER	0.002579	0.003081	0.000366	0.993973	
BAM33221.1	OTHER	0.015705	0.000982	0.003951	0.979362	
BAM33223.1	OTHER	0.003423	0.000403	0.000890	0.995284	
BAM33225.1	OTHER	0.001206	0.000524	0.001135	0.997134	
BAM33236.1	OTHER	0.001886	0.000934	0.000201	0.996979	
BAM33238.1	OTHER	0.022697	0.011878	0.006268	0.959156	
BAM33240.1	OTHER	0.007414	0.005524	0.001401	0.985662	
BAM33241.1	OTHER	0.012582	0.004733	0.002523	0.980161	
BAM33242.1	OTHER	0.003632	0.000339	0.000586	0.995443	
BAM33244.1	OTHER	0.007022	0.001788	0.001728	0.989462	
BAM33245.1	SP(Sec/SPI)	0.690652	0.000510	0.104372	0.204465	CS pos: 20-21. IIA-SQ. Pr: 0.4969
BAM33246.1	OTHER	0.015050	0.029335	0.003586	0.952030	
BAM33247.1	OTHER	0.001149	0.001542	0.000145	0.997164	
BAM33249.1	OTHER	0.023546	0.003087	0.010842	0.962525	
BAM33250.1	OTHER	0.001370	0.001090	0.000192	0.997348	
BAM33251.1	OTHER	0.032305	0.008619	0.080190	0.878885	
BAM33252.1	OTHER	0.006700	0.001445	0.001654	0.990201	
BAM33254.1	OTHER	0.006648	0.002784	0.003587	0.986980	
BAM33256.1	OTHER	0.019981	0.001221	0.001320	0.977478	
BAM33257.1	SP(Sec/SPI)	0.992948	0.000361	0.004223	0.002469	CS pos: 22-23. VIA-DD. Pr: 0.9738
BAM33258.1	OTHER	0.010313	0.005004	0.003665	0.981018	
BAM33260.1	OTHER	0.004817	0.001455	0.001699	0.992029	
BAM33262.1	OTHER	0.002335	0.000474	0.000684	0.996507	
BAM33266.1	OTHER	0.020972	0.001574	0.002872	0.974582	
BAM33279.1	LIPO(Sec/SPII)	0.003327	0.000108	0.995304	0.001260	CS pos: 16-17. MNG-CA. Pr: 0.9969
BAM33280.1	OTHER	0.004646	0.003155	0.001200	0.990998	
BAM33291.1	OTHER	0.003606	0.000533	0.000450	0.995411	
BAM33292.1	OTHER	0.085274	0.030037	0.027882	0.856806	
BAM33294.1	OTHER	0.001350	0.003433	0.000697	0.994520	
BAM33302.1	OTHER	0.085414	0.010263	0.030749	0.873575	
BAM33308.1	SP(Sec/SPI)	0.865333	0.003749	0.013262	0.117655	CS pos: 24-25. AKA-FE. Pr: 0.7425
BAM33326.1	OTHER	0.031654	0.000652	0.003296	0.964397	
BAM33334.1	OTHER	0.012913	0.000609	0.013939	0.972539	
BAM33336.1	OTHER	0.005513	0.000875	0.001137	0.992475	
BAM33342.1	OTHER	0.006581	0.000946	0.007753	0.984720	
BAM33349.1	SP(Sec/SPI)	0.992272	0.000492	0.002940	0.004296	CS pos: 20-21. SYA-GD. Pr: 0.9727
BAM33358.1	OTHER	0.002005	0.000281	0.000515	0.997199	
BAM33384.1	OTHER	0.014767	0.005109	0.004261	0.975863	
BAM33393.1	OTHER	0.010615	0.000651	0.041404	0.947330	
BAM33395.1	OTHER	0.003737	0.000263	0.000786	0.995214	
BAM33397.1	OTHER	0.005649	0.002391	0.000912	0.991047	
BAM33398.1	OTHER	0.033004	0.001235	0.003055	0.962706	
BAM33399.1	OTHER	0.004883	0.000253	0.000214	0.994650	
BAM33403.1	LIPO(Sec/SPII)	0.173102	0.001259	0.686430	0.139209	CS pos: 16-17. SYR-CG. Pr: 0.6552
BAM33412.1	OTHER	0.005506	0.002483	0.000704	0.991308	
BAM33429.1	OTHER	0.002958	0.001129	0.000287	0.995626	
BAM33430.1	OTHER	0.005612	0.008151	0.002757	0.983480	
BAM33437.1	OTHER	0.009107	0.000353	0.001310	0.989231	
BAM33438.1	OTHER	0.007095	0.001674	0.001509	0.989723	
BAM33440.1	SP(Sec/SPI)	0.794030	0.000624	0.157407	0.047939	CS pos: 17-18. AFG-LE. Pr: 0.5064
BAM33441.1	OTHER	0.010906	0.005022	0.001714	0.982357	
BAM33443.1	LIPO(Sec/SPII)	0.019179	0.000401	0.704572	0.275848	CS pos: 21-22. GLA-CA. Pr: 0.7019
BAM33444.1	OTHER	0.008302	0.000852	0.057180	0.933666	
BAM33453.1	OTHER	0.061381	0.002832	0.005780	0.930008	
BAM33454.1	OTHER	0.082931	0.008351	0.015703	0.893016	
BAM33455.1	OTHER	0.014874	0.000403	0.009977	0.974746	
BAM33466.1	OTHER	0.060703	0.069192	0.005555	0.864549	
BAM33469.1	OTHER	0.002799	0.000109	0.001016	0.996076	
BAM33470.1	OTHER	0.044474	0.000388	0.004275	0.950863	
BAM33481.1	OTHER	0.002233	0.000340	0.000311	0.997115	
BAM33494.1	OTHER	0.001484	0.000172	0.000353	0.997991	
BAM33502.1	OTHER	0.041914	0.003789	0.005150	0.949147	
BAM33514.1	OTHER	0.020988	0.001772	0.006110	0.971130	
BAM33515.1	OTHER	0.018967	0.038902	0.001985	0.940146	
BAM33516.1	OTHER	0.009052	0.002998	0.002353	0.985597	
BAM33517.1	OTHER	0.065833	0.034655	0.052136	0.847376	
BAM33518.1	OTHER	0.144064	0.018973	0.013397	0.823566	
BAM33519.1	OTHER	0.112011	0.006919	0.010522	0.870548	
BAM33533.1	OTHER	0.007082	0.033243	0.001169	0.958507	
BAM33536.1	OTHER	0.082537	0.020159	0.013384	0.883919	
BAM33538.1	LIPO(Sec/SPII)	0.094164	0.002283	0.819732	0.083821	CS pos: 15-16. IST-CP. Pr: 0.8146
BAM33539.1	OTHER	0.022827	0.023162	0.003287	0.950724	
BAM33555.1	LIPO(Sec/SPII)	0.361926	0.000259	0.637168	0.000646	CS pos: 17-18. SVS-CY. Pr: 0.6368
BAM33556.1	OTHER	0.095322	0.028081	0.009864	0.866732	
BAM33563.1	SP(Sec/SPI)	0.964305	0.000591	0.030401	0.004703	CS pos: 19-20. AKA-HS. Pr: 0.6710
BAM33564.1	SP(Sec/SPI)	0.357450	0.126882	0.270186	0.245482	CS pos: 24-25. LLC-AK. Pr: 0.1350
BAM33567.1	SP(Sec/SPI)	0.964389	0.000689	0.029754	0.005168	CS pos: 21-22. LIA-ES. Pr: 0.7248
BAM33574.1	OTHER	0.004542	0.000157	0.000693	0.994608	
BAM33576.1	OTHER	0.011999	0.000667	0.001091	0.986243	
BAM33580.1	SP(Sec/SPI)	0.991875	0.000133	0.007043	0.000949	CS pos: 20-21. SYA-EQ. Pr: 0.9853
BAM33581.1	OTHER	0.000761	0.000231	0.001803	0.997205	
